0.003536 9.85e-20
0.003210 -1.83e-21
0.003485 -4.59e-20
0.002101 -9.79e-21
0.002643 3.04e-20
0.004033 3.40e-20
0.002830 -1.21e-19
0.007588 2.94e-19
0.004343 9.52e-20
0.001877 4.96e-21
0.926276 4.46e-15
0.002323 7.74e-20
0.025702 7.90e-20
0.005757 5.73e-20
0.003861 1.24e-20
0.003062 9.59e-21
0.028854 4.73e-20
0.195671 6.85e-19
0.022699 1.76e-18
2.773461 8.92e-16
0.003479 7.79e-21
0.864873 1.05e-16
0.011110 4.91e-20
0.005256 1.71e-20
0.016453 4.33e-20
0.007474 1.75e-20
0.002630 4.01e-21
0.393898 4.29e-15
0.043589 1.43e-19
0.003539 1.62e-21
0.088282 8.11e-19
0.006219 1.14e-19
0.047763 2.28e-15
0.034117 6.75e-20
0.009348 2.45e-20
0.028635 1.42e-19
0.045249 8.17e-19
0.007987 2.43e-20
0.007947 -3.33e-21
0.040935 2.73e-20
0.060822 2.49e-19
0.037904 2.42e-18
0.003598 9.50e-21
0.014842 1.57e-20
0.011076 6.71e-19
0.763933 4.79e-15
0.003163 2.83e-21
0.004622 1.85e-20
0.005242 -1.32e-19
0.003594 -3.50e-19
0.003806 -3.19e-20
0.004631 3.63e-21
0.102618 2.67e-17
0.004570 8.53e-21
1.004037 1.62e-15
0.005313 1.38e-20
0.005850 2.41e-20
0.570310 2.55e-14
0.003650 1.68e-19
0.172444 1.55e-18
0.019376 9.50e-20
0.011563 -3.40e-20
0.001396 0.00e+00
0.003915 1.13e-20
0.028462 1.02e-18
0.008870 2.63e-20
0.012648 7.20e-20
0.334415 1.71e-17
0.023101 4.67e-19
0.009343 4.09e-20
0.032822 1.51e-19
0.104182 1.80e-18
0.834839 1.35e-16
0.279829 1.38e-15
0.041010 5.25e-20
0.520954 1.05e-17
0.029773 8.17e-18
0.004092 8.85e-21
0.005362 1.77e-20
0.071095 1.10e-19
0.144072 2.03e-14
0.002947 1.40e-20
0.004984 9.77e-21
0.003266 2.95e-21
0.003619 -6.58e-21
0.003626 1.42e-20
0.059030 8.63e-18
0.007646 2.40e-20
0.003354 3.70e-21
0.006133 2.97e-20
0.001607 1.69e-20
0.003935 7.02e-21
0.005949 1.10e-20
0.004509 1.27e-20
0.030529 4.99e-18
0.003726 2.98e-20
0.011019 -5.18e-20
0.016052 2.98e-20
0.002978 1.46e-21
1.066371 5.69e-16
0.003445 2.42e-21
